                           Logit Regression Results                           
==============================================================================
Dep. Variable:                Success   No. Observations:                 5104
Model:                          Logit   Df Residuals:                     5016
Method:                           MLE   Df Model:                           87
Date:                Tue, 06 Aug 2024   Pseudo R-squ.:                  0.1335
Time:                        22:59:05   Log-Likelihood:                -2479.3
converged:                      False   LL-Null:                       -2861.3
Covariance Type:            nonrobust   LLR p-value:                8.132e-109
=======================================================================================================================
                                                          coef    std err          z      P>|z|      [0.025      0.975]
-----------------------------------------------------------------------------------------------------------------------
C(Student_ID)[1]                                       -0.3564      0.255     -1.398      0.162      -0.856       0.143
C(Student_ID)[2]                                       -0.5316      0.931     -0.571      0.568      -2.356       1.293
C(Student_ID)[3]                                      -21.8256   1.56e+04     -0.001      0.999   -3.07e+04    3.06e+04
C(Student_ID)[4]                                        0.9992      0.356      2.806      0.005       0.301       1.697
C(Student_ID)[5]                                       -0.4841      0.416     -1.163      0.245      -1.300       0.332
C(Student_ID)[6]                                        0.0639      0.346      0.185      0.853      -0.614       0.742
C(Student_ID)[7]                                        1.0480      0.480      2.183      0.029       0.107       1.989
C(Student_ID)[8]                                        1.0708      0.294      3.638      0.000       0.494       1.648
C(Student_ID)[9]                                        0.4311      0.342      1.260      0.208      -0.239       1.102
C(Student_ID)[10]                                       0.1763      0.593      0.297      0.766      -0.986       1.339
C(Student_ID)[11]                                       0.6199      0.582      1.065      0.287      -0.521       1.761
C(Student_ID)[12]                                      -1.0410      0.763     -1.363      0.173      -2.537       0.455
C(Student_ID)[13]                                       1.6368      1.252      1.308      0.191      -0.817       4.090
C(Student_ID)[14]                                       0.2397      0.882      0.272      0.786      -1.489       1.969
C(Student_ID)[15]                                      19.6101   1.64e+04      0.001      0.999   -3.22e+04    3.22e+04
C(Student_ID)[16]                                       1.8720      0.373      5.018      0.000       1.141       2.603
C(Student_ID)[17]                                      -1.2250      0.341     -3.590      0.000      -1.894      -0.556
C(Student_ID)[18]                                      27.4890   5.31e+05   5.18e-05      1.000   -1.04e+06    1.04e+06
C(Student_ID)[19]                                       0.2754      0.248      1.109      0.268      -0.211       0.762
C(Student_ID)[20]                                       0.4850      0.252      1.921      0.055      -0.010       0.980
C(Student_ID)[21]                                       1.7250      0.838      2.059      0.039       0.083       3.367
C(Student_ID)[22]                                       0.7093      0.267      2.657      0.008       0.186       1.233
C(Student_ID)[23]                                      -1.0374      0.987     -1.051      0.293      -2.973       0.898
C(Student_ID)[24]                                       1.2803      0.311      4.122      0.000       0.672       1.889
C(Student_ID)[25]                                       0.7976      0.275      2.899      0.004       0.258       1.337
C(Student_ID)[26]                                      -0.7960      0.876     -0.908      0.364      -2.514       0.922
C(Student_ID)[27]                                       0.4251      0.268      1.588      0.112      -0.099       0.950
C(Student_ID)[28]                                       1.3659      0.379      3.607      0.000       0.624       2.108
C(Student_ID)[29]                                      24.5980   9.65e+04      0.000      1.000   -1.89e+05    1.89e+05
C(Student_ID)[30]                                       0.4540      0.272      1.672      0.095      -0.078       0.986
C(Student_ID)[31]                                       0.8022      0.853      0.940      0.347      -0.870       2.475
C(Student_ID)[32]                                       0.1033      0.901      0.115      0.909      -1.662       1.869
C(Student_ID)[33]                                       1.0852      0.455      2.387      0.017       0.194       1.976
C(Student_ID)[34]                                       1.6049      1.067      1.504      0.133      -0.486       3.696
C(Student_ID)[35]                                       0.2485      0.248      1.001      0.317      -0.238       0.735
C(Student_ID)[36]                                       1.5958      0.330      4.831      0.000       0.948       2.243
C(Student_ID)[37]                                       0.0580      0.250      0.232      0.816      -0.432       0.548
C(Student_ID)[38]                                       1.1017      0.293      3.765      0.000       0.528       1.675
C(Student_ID)[39]                                      -0.5359      0.472     -1.136      0.256      -1.460       0.389
C(Student_ID)[40]                                       0.0071      0.679      0.010      0.992      -1.324       1.338
C(Student_ID)[41]                                      -1.2008      0.409     -2.934      0.003      -2.003      -0.399
C(Student_ID)[42]                                       0.4266      0.255      1.672      0.094      -0.073       0.927
C(Student_ID)[43]                                       0.0788      0.247      0.319      0.750      -0.405       0.563
C(Student_ID)[44]                                       0.5531      0.261      2.117      0.034       0.041       1.065
C(Student_ID)[45]                                      -0.2743      1.186     -0.231      0.817      -2.599       2.050
C(Student_ID)[46]                                       0.8864      0.277      3.202      0.001       0.344       1.429
C(Student_ID)[47]                                       1.0697      0.573      1.866      0.062      -0.054       2.193
C(Student_ID)[48]                                       0.0151      0.249      0.061      0.952      -0.473       0.503
C(Student_ID)[49]                                       0.1563      0.772      0.202      0.840      -1.356       1.669
C(Student_ID)[50]                                       0.6763      0.750      0.902      0.367      -0.793       2.146
C(Student_ID)[51]                                       0.1095      0.243      0.451      0.652      -0.367       0.586
C(Student_ID)[52]                                       0.4585      0.261      1.759      0.079      -0.052       0.969
C(Student_ID)[53]                                       0.7043      0.282      2.500      0.012       0.152       1.256
C(Student_ID)[54]                                      -0.3720      0.791     -0.471      0.638      -1.922       1.177
C(Student_ID)[55]                                       0.6531      0.264      2.477      0.013       0.136       1.170
C(Student_ID)[56]                                       0.8634      0.526      1.642      0.101      -0.167       1.894
C(Student_ID)[57]                                       1.0550      0.378      2.790      0.005       0.314       1.796
C(Student_ID)[58]                                       0.6345      0.334      1.898      0.058      -0.021       1.290
C(Student_ID)[59]                                       1.0590      0.281      3.764      0.000       0.508       1.610
C(Skill)[T.ALT:CIRCLE-CIRCUMFERENCE]                    0.3918      0.308      1.273      0.203      -0.212       0.995
C(Skill)[T.ALT:CIRCLE-DIAMETER]                         0.0976      0.300      0.326      0.745      -0.489       0.685
C(Skill)[T.ALT:CIRCLE-RADIUS]                          -0.1355      0.279     -0.486      0.627      -0.682       0.411
C(Skill)[T.ALT:COMPOSE-BY-ADDITION]                     0.9015      0.252      3.574      0.000       0.407       1.396
C(Skill)[T.ALT:COMPOSE-BY-MULTIPLICATION]              -0.0869      0.280     -0.311      0.756      -0.635       0.461
C(Skill)[T.ALT:PARALLELOGRAM-AREA]                      1.8950      0.301      6.306      0.000       1.306       2.484
C(Skill)[T.ALT:PARALLELOGRAM-SIDE]                      0.6668      0.553      1.206      0.228      -0.417       1.750
C(Skill)[T.ALT:PENTAGON-AREA]                          -1.5204      0.372     -4.087      0.000      -2.249      -0.791
C(Skill)[T.ALT:PENTAGON-SIDE]                          -0.9257      0.285     -3.248      0.001      -1.484      -0.367
C(Skill)[T.ALT:TRAPEZOID-AREA]                         -1.3502      0.389     -3.473      0.001      -2.112      -0.588
C(Skill)[T.ALT:TRAPEZOID-BASE]                         -0.9951      0.380     -2.615      0.009      -1.741      -0.249
C(Skill)[T.ALT:TRAPEZOID-HEIGHT]                       -1.3077      0.373     -3.502      0.000      -2.040      -0.576
C(Skill)[T.ALT:TRIANGLE-AREA]                           0.4917      0.295      1.667      0.095      -0.086       1.070
C(Skill)[T.ALT:TRIANGLE-SIDE]                          -0.3740      0.336     -1.113      0.266      -1.032       0.284
Opportunity:C(Skill)[ALT:CIRCLE-AREA]                   0.1030      0.019      5.477      0.000       0.066       0.140
Opportunity:C(Skill)[ALT:CIRCLE-CIRCUMFERENCE]          0.0724      0.037      1.952      0.051      -0.000       0.145
Opportunity:C(Skill)[ALT:CIRCLE-DIAMETER]               0.0743      0.035      2.153      0.031       0.007       0.142
Opportunity:C(Skill)[ALT:CIRCLE-RADIUS]                 0.0465      0.027      1.739      0.082      -0.006       0.099
Opportunity:C(Skill)[ALT:COMPOSE-BY-ADDITION]          -0.0304      0.012     -2.487      0.013      -0.054      -0.006
Opportunity:C(Skill)[ALT:COMPOSE-BY-MULTIPLICATION]     0.1119      0.022      5.010      0.000       0.068       0.156
Opportunity:C(Skill)[ALT:PARALLELOGRAM-AREA]            0.0090      0.016      0.559      0.576      -0.023       0.041
Opportunity:C(Skill)[ALT:PARALLELOGRAM-SIDE]            0.3381      0.159      2.130      0.033       0.027       0.649
Opportunity:C(Skill)[ALT:PENTAGON-AREA]                 0.3970      0.082      4.855      0.000       0.237       0.557
Opportunity:C(Skill)[ALT:PENTAGON-SIDE]                 0.1528      0.028      5.390      0.000       0.097       0.208
Opportunity:C(Skill)[ALT:TRAPEZOID-AREA]                0.3460      0.093      3.731      0.000       0.164       0.528
Opportunity:C(Skill)[ALT:TRAPEZOID-BASE]                0.2371      0.085      2.793      0.005       0.071       0.404
Opportunity:C(Skill)[ALT:TRAPEZOID-HEIGHT]              0.2478      0.079      3.120      0.002       0.092       0.403
Opportunity:C(Skill)[ALT:TRIANGLE-AREA]                 0.0399      0.028      1.436      0.151      -0.015       0.094
Opportunity:C(Skill)[ALT:TRIANGLE-SIDE]                 0.0382      0.056      0.686      0.493      -0.071       0.148
=======================================================================================================================