                           Logit Regression Results                           
==============================================================================
Dep. Variable:                Success   No. Observations:                 5104
Model:                          Logit   Df Residuals:                     5024
Method:                           MLE   Df Model:                           79
Date:                Mon, 05 Aug 2024   Pseudo R-squ.:                  0.1343
Time:                        11:20:25   Log-Likelihood:                -2477.0
converged:                       True   LL-Null:                       -2861.3
Covariance Type:            nonrobust   LLR p-value:                1.343e-113
===================================================================================================================
                                                      coef    std err          z      P>|z|      [0.025      0.975]
-------------------------------------------------------------------------------------------------------------------
C(Student_ID)[1]                                   -1.1288      0.980     -1.151      0.250      -3.050       0.793
C(Student_ID)[2]                                   -0.9117      0.866     -1.053      0.293      -2.609       0.786
C(Student_ID)[3]                                   -0.1740      0.674     -0.258      0.796      -1.495       1.147
C(Student_ID)[4]                                    0.2997      0.239      1.254      0.210      -0.169       0.768
C(Student_ID)[5]                                   -0.4732      0.413     -1.145      0.252      -1.283       0.337
C(Student_ID)[6]                                   -0.6563      0.919     -0.714      0.475      -2.457       1.144
C(Student_ID)[7]                                    0.9769      0.274      3.568      0.000       0.440       1.514
C(Student_ID)[8]                                    0.0801      0.226      0.355      0.723      -0.363       0.523
C(Student_ID)[9]                                    0.0333      0.583      0.057      0.954      -1.110       1.176
C(Student_ID)[10]                                   0.6270      0.846      0.741      0.459      -1.031       2.285
C(Student_ID)[11]                                  -0.5981      0.233     -2.570      0.010      -1.054      -0.142
C(Student_ID)[12]                                   0.8740      0.344      2.541      0.011       0.200       1.548
C(Student_ID)[13]                                  -1.3728      0.326     -4.217      0.000      -2.011      -0.735
C(Student_ID)[14]                                  -0.0756      0.333     -0.227      0.820      -0.727       0.576
C(Student_ID)[15]                                   1.1682      0.364      3.212      0.001       0.455       1.881
C(Student_ID)[16]                                   0.2135      0.325      0.658      0.511      -0.423       0.850
C(Student_ID)[17]                                   0.5261      0.246      2.142      0.032       0.045       1.008
C(Student_ID)[18]                                   9.5888     58.464      0.164      0.870    -104.998     124.176
C(Student_ID)[19]                                   1.7623      0.361      4.883      0.000       1.055       2.470
C(Student_ID)[20]                                  -1.2512      0.400     -3.125      0.002      -2.036      -0.466
C(Student_ID)[21]                                   9.0201     58.464      0.154      0.877    -105.567     123.607
C(Student_ID)[22]                                   0.9530      0.469      2.031      0.042       0.033       1.873
C(Student_ID)[23]                                   0.2608      0.233      1.121      0.262      -0.195       0.717
C(Student_ID)[24]                                   0.5345      0.740      0.722      0.470      -0.916       1.985
C(Student_ID)[25]                                   0.5292      0.319      1.657      0.098      -0.097       1.155
C(Student_ID)[26]                                   0.0180      0.762      0.024      0.981      -1.476       1.512
C(Student_ID)[27]                                   0.9394      0.368      2.554      0.011       0.218       1.660
C(Student_ID)[28]                                   0.0535      0.226      0.236      0.813      -0.390       0.497
C(Student_ID)[29]                                  -0.0703      0.894     -0.079      0.937      -1.822       1.681
C(Student_ID)[30]                                  -0.0996      0.228     -0.437      0.662      -0.546       0.347
C(Student_ID)[31]                                   0.9262      0.443      2.092      0.036       0.058       1.794
C(Student_ID)[32]                                  -0.3817      1.177     -0.324      0.746      -2.688       1.924
C(Student_ID)[33]                                   0.5595      0.263      2.129      0.033       0.044       1.075
C(Student_ID)[34]                                  -0.0953      0.221     -0.432      0.666      -0.528       0.337
C(Student_ID)[35]                                  -1.1250      0.750     -1.499      0.134      -2.596       0.346
C(Student_ID)[36]                                   0.6325      0.255      2.477      0.013       0.132       1.133
C(Student_ID)[37]                                   0.9156      0.562      1.630      0.103      -0.185       2.017
C(Student_ID)[38]                                   1.6253      1.067      1.523      0.128      -0.467       3.717
C(Student_ID)[39]                                   0.9153      0.262      3.495      0.000       0.402       1.429
C(Student_ID)[40]                                 -11.4549     58.462     -0.196      0.845    -126.038     103.128
C(Student_ID)[41]                                   1.1602      0.293      3.953      0.000       0.585       1.735
C(Student_ID)[42]                                  -0.4641      0.778     -0.597      0.551      -1.989       1.061
C(Student_ID)[43]                                   7.9627     58.465      0.136      0.892    -106.627     122.553
C(Student_ID)[44]                                   0.4741      0.572      0.829      0.407      -0.647       1.595
C(Student_ID)[45]                                  -0.1748      0.227     -0.769      0.442      -0.621       0.271
C(Student_ID)[46]                                   1.4601      0.315      4.629      0.000       0.842       2.078
C(Student_ID)[47]                                   0.3761      0.240      1.566      0.117      -0.095       0.847
C(Student_ID)[48]                                  -0.6780      0.462     -1.468      0.142      -1.583       0.227
C(Student_ID)[49]                                   1.4601      1.246      1.172      0.241      -0.982       3.902
C(Student_ID)[50]                                   1.5572      0.827      1.882      0.060      -0.064       3.179
C(Student_ID)[51]                                   0.3000      0.230      1.302      0.193      -0.152       0.752
C(Student_ID)[52]                                   0.3211      0.250      1.282      0.200      -0.170       0.812
C(Student_ID)[53]                                   0.7423      0.257      2.889      0.004       0.239       1.246
C(Student_ID)[54]                                   0.2848      0.248      1.150      0.250      -0.200       0.770
C(Student_ID)[55]                                  -0.2089      0.881     -0.237      0.812      -1.935       1.517
C(Student_ID)[56]                                   0.4893      0.243      2.017      0.044       0.014       0.965
C(Student_ID)[57]                                  -0.0738      0.224     -0.330      0.742      -0.512       0.365
C(Student_ID)[58]                                   0.7038      0.515      1.366      0.172      -0.306       1.714
C(Student_ID)[59]                                   0.9173      0.277      3.316      0.001       0.375       1.460
C(Skill)[T.circle-circumference]                    0.5186      0.266      1.949      0.051      -0.003       1.040
C(Skill)[T.circle-diameter]                         0.3726      0.251      1.487      0.137      -0.119       0.864
C(Skill)[T.compose-by-addition]                     1.0445      0.231      4.526      0.000       0.592       1.497
C(Skill)[T.compose-by-multiplication]               0.0726      0.260      0.279      0.780      -0.437       0.583
C(Skill)[T.equi-tri-height?]                       -3.3099      0.725     -4.568      0.000      -4.730      -1.890
C(Skill)[T.parallelogram-area]                      3.2909      1.040      3.163      0.002       1.252       5.330
C(Skill)[T.pentagon-area]                          -0.8891      0.233     -3.818      0.000      -1.345      -0.433
C(Skill)[T.square-area]                             1.8977      0.272      6.986      0.000       1.365       2.430
C(Skill)[T.trapezoid-area]                         -0.9511      0.244     -3.898      0.000      -1.429      -0.473
C(Skill)[T.triangle-area]                           0.5836      0.249      2.346      0.019       0.096       1.071
Opportunity:C(Skill)[circle-area]                   0.0676      0.012      5.864      0.000       0.045       0.090
Opportunity:C(Skill)[circle-circumference]          0.0663      0.026      2.511      0.012       0.015       0.118
Opportunity:C(Skill)[circle-diameter]               0.0393      0.022      1.825      0.068      -0.003       0.081
Opportunity:C(Skill)[compose-by-addition]          -0.0294      0.012     -2.405      0.016      -0.053      -0.005
Opportunity:C(Skill)[compose-by-multiplication]     0.1128      0.022      5.043      0.000       0.069       0.157
Opportunity:C(Skill)[equi-tri-height?]              1.2358      0.311      3.969      0.000       0.626       1.846
Opportunity:C(Skill)[parallelogram-area]           -0.6917      0.399     -1.732      0.083      -1.474       0.091
Opportunity:C(Skill)[pentagon-area]                 0.1110      0.016      7.131      0.000       0.081       0.142
Opportunity:C(Skill)[square-area]                   0.0196      0.014      1.372      0.170      -0.008       0.048
Opportunity:C(Skill)[trapezoid-area]                0.0926      0.017      5.412      0.000       0.059       0.126
Opportunity:C(Skill)[triangle-area]                 0.0268      0.018      1.515      0.130      -0.008       0.061
===================================================================================================================